====================================================================================================
                     DyTR 推理效果统计报告
====================================================================================================
生成时间: 2026-06-07 16:11:20
总处理 Trip 数: 50
总推理时间: 996.75 秒
平均每 Trip 推理时间: 19.94 秒
预测起始索引: 20
历史序列长度: 15
====================================================================================================

----------------------------------------------------------------------------------------------------
                              各 Trip 推理效果详细统计
----------------------------------------------------------------------------------------------------
Trip ID              样本数        预测样本       推理时间(s)      状态RMSE       混合RMSE       改进%       
----------------------------------------------------------------------------------------------------
trip_0451            543        508        41.13        1.0111       nan          nan       
trip_0452            502        467        54.58        0.5824       nan          nan       
trip_0453            544        509        38.67        0.2781       nan          nan       
trip_0454            591        556        56.40        0.4677       nan          nan       
trip_0455            594        559        38.16        0.4265       nan          nan       
trip_0456            539        504        29.42        0.4596       nan          nan       
trip_0457            589        554        40.58        1.1494       nan          nan       
trip_0458            508        473        26.95        0.3133       nan          nan       
trip_0459            573        538        26.75        0.7837       nan          nan       
trip_0460            563        528        26.91        0.9188       nan          nan       
trip_0461            511        476        33.58        0.8487       nan          nan       
trip_0462            540        505        36.69        0.6369       nan          nan       
trip_0463            556        521        22.86        0.6751       nan          nan       
trip_0464            541        506        25.13        0.7346       nan          nan       
trip_0465            513        478        15.68        0.5892       nan          nan       
trip_0466            573        538        15.48        0.4245       nan          nan       
trip_0467            591        556        15.95        1.5080       nan          nan       
trip_0468            529        494        11.42        0.6878       nan          nan       
trip_0469            557        522        11.43        0.6597       nan          nan       
trip_0470            501        466        11.26        0.9109       nan          nan       
trip_0471            573        538        11.82        0.4043       nan          nan       
trip_0472            544        509        13.29        0.5513       nan          nan       
trip_0473            597        562        15.38        0.3294       nan          nan       
trip_0474            542        507        11.60        0.5721       nan          nan       
trip_0475            562        527        11.40        0.4729       nan          nan       
trip_0476            519        484        12.00        0.6385       nan          nan       
trip_0477            548        513        11.17        0.6790       nan          nan       
trip_0478            512        477        13.32        0.4858       nan          nan       
trip_0479            517        482        12.38        0.2751       nan          nan       
trip_0480            555        520        11.51        0.5093       nan          nan       
trip_0481            562        527        11.79        0.6406       nan          nan       
trip_0482            575        540        13.64        0.4195       nan          nan       
trip_0483            540        505        13.66        0.3974       nan          nan       
trip_0484            511        476        11.14        0.4456       nan          nan       
trip_0485            522        487        12.23        0.3830       nan          nan       
trip_0486            564        529        13.64        0.3572       nan          nan       
trip_0487            591        556        18.51        0.6917       nan          nan       
trip_0488            587        552        18.53        0.2757       nan          nan       
trip_0489            566        531        17.21        0.3424       nan          nan       
trip_0490            549        514        14.05        0.4448       nan          nan       
trip_0491            505        470        14.56        0.6262       nan          nan       
trip_0492            577        542        15.79        0.7838       nan          nan       
trip_0493            550        515        14.34        0.6406       nan          nan       
trip_0494            505        470        16.57        0.4449       nan          nan       
trip_0495            523        488        14.71        0.4105       nan          nan       
trip_0496            523        488        14.16        0.5179       nan          nan       
trip_0497            552        517        14.24        0.7313       nan          nan       
trip_0498            586        551        14.57        0.6251       nan          nan       
trip_0499            534        499        15.77        0.3628       nan          nan       
trip_0500            545        510        14.67        0.3845       nan          nan       
----------------------------------------------------------------------------------------------------
平均值                  -          -          19.93        0.5782       nan          nan       
----------------------------------------------------------------------------------------------------

====================================================================================================
                              总体改进统计
====================================================================================================
物理模型平均状态 RMSE:  0.5782
混合模型平均状态 RMSE:  nan
状态预测平均改进率:    nan%

物理模型平均XY轨迹RMSE: 1.7838 m
混合模型平均XY轨迹RMSE: nan m
轨迹预测平均改进率:     nan%

平均推理时间:           19.9339 秒/Trip
平均推理速度:           27.5 样本/秒
====================================================================================================